16	3
OPM-001 -22.2739 -22.2739 89.0955
OPM-002 -22.8451  -7.6150 91.3803
OPM-003 -22.8451   7.6150 91.3803
OPM-004 -22.2739  22.2739 89.0955
OPM-005  -7.6150 -22.8451 91.3803
OPM-006  -7.8209  -7.8209 93.8505
OPM-007  -7.8209   7.8209 93.8505
OPM-008  -7.6150  22.8451 91.3803
OPM-009   7.6150 -22.8451 91.3803
OPM-010   7.8209  -7.8209 93.8505
OPM-011   7.8209   7.8209 93.8505
OPM-012   7.6150  22.8451 91.3803
OPM-013  22.2739 -22.2739 89.0955
OPM-014  22.8451  -7.6150 91.3803
OPM-015  22.8451   7.6150 91.3803
OPM-016  22.2739  22.2739 89.0955
OPM-BX	 -4.5  0.0  144.0  1.0  0.0  0.0
OPM-BY	  0.0 -4.5  144.0  0.0  1.0  0.0
OPM-BZ	  0.0  0.0  148.5  0.0  0.0  1.0
